[gd_scene load_steps=4 format=2]

[ext_resource path="res://Player.tscn" type="PackedScene" id=1]

[sub_resource type="BoxShape" id=1]
extents = Vector3( 30, 1, 30 )

[sub_resource type="CubeMesh" id=2]
size = Vector3( 60, 2, 60 )

[node name="Main" type="Node"]

[node name="Ground" type="StaticBody" parent="."]

[node name="CollisionShape" type="CollisionShape" parent="Ground"]
shape = SubResource( 1 )

[node name="MeshInstance" type="MeshInstance" parent="Ground"]
mesh = SubResource( 2 )

[node name="DirectionalLight" type="DirectionalLight" parent="Ground"]
transform = Transform( 1, 0, 0, 0, 0.34687, 0.937913, 0, -0.937913, 0.34687, 0, 17.4498, 0 )

[node name="Player" parent="." instance=ExtResource( 1 )]
transform = Transform( 1, 0, 0, 0, 1, 0, 0, 0, 1, 0, 2.72968, 0 )

[node name="CameraPivo" type="Spatial" parent="."]
transform = Transform( 1, 0, 0, 0, 0.801369, 0.598171, 0, -0.598171, 0.801369, 0, 0.243925, 0 )

[node name="Camera" type="Camera" parent="CameraPivo"]
transform = Transform( 0.996635, 0.0609582, -0.0548062, -0.039358, 0.942322, 0.332385, 0.0719067, -0.32911, 0.94155, 0, 5.719, 19 )
projection = 1
current = true
size = 17.0
